@Right hand swipe left
-0.966415232310408
-1.52850232671149
-0.892859217797149
-1.27117199136466
-0.702624975634477
-0.628134048356495
0.616501540074899
-0.672058952339242
0.675762484862582
-1.33639274977279
0.71134787849572
-1.59499931591816
~
-0.955837212018069
-1.54581094282517
-0.872061810942069
-1.29035741651663
-0.687348758376736
-0.638710818997411
0.627204488410068
-0.675108511335352
0.707260528691381
-1.34007346468245
0.746589645411937
-1.60117202093634
~
-0.994138429775587
-1.54513396588056
-0.912831068302995
-1.28903122456783
-0.708258745661553
-0.636064918410231
0.605535347696113
-0.704727322677361
0.63780500078212
-1.39080765116445
0.646250063529141
-1.66518153572669
~
-0.990993946408962
-1.53374194587352
-0.926651410212837
-1.27495658232929
-0.716042109684138
-0.630137280300583
0.584752005331036
-0.710519455936049
0.619150767794498
-1.3946311314592
0.625758220948237
-1.66711978178998
~
-0.978060153905196
-1.54086622598075
-0.915963135471901
-1.28128858362248
-0.71463406653288
-0.633649252316446
0.584382323561165
-0.712971860720114
0.617803088954455
-1.39910324213844
0.624662555098143
-1.6718013322106
~
-0.968365149761267
-1.55723262988185
-0.907379374812191
-1.29825744228625
-0.710076568423058
-0.644758428413694
0.591237392804267
-0.716881497652473
0.63185975876463
-1.40864845996506
0.653088916316205
-1.68072918770224
~
-0.956038853634519
-1.58207912248231
-0.904172486193498
-1.32035350799388
-0.710404237823754
-0.658460966495568
0.653290298492136
-0.707833304660742
0.764387059887967
-1.22518658796093
0.819987590368646
-1.44627388774632
~
-0.944744205410848
-1.57581199605939
-0.897071400764906
-1.32228627615986
-0.702058535397491
-0.665714211130917
0.697056462717645
-0.603905317952248
0.842083177631069
-0.883411948250295
1.01417480093077
-0.984915626155675
~
-0.956444897952956
-1.57423726671782
-0.890312395263611
-1.31779118154075
-0.690825697585184
-0.684467255835673
0.872217940901945
-0.503194380707523
1.18255196479103
-0.319337989919756
1.33296819500594
-0.186987603275799
~
-0.958468041835755
-1.6356534462201
-0.891196743344768
-1.36049439621611
-0.691644258602007
-0.705016669710295
0.867901922811583
-0.341837415894592
1.17206305469116
-0.103639753458447
1.47464199045087
0.041501980716894
~
-0.98707027408218
-1.74519330854207
-0.920938871994212
-1.45512803702261
-0.710182576673051
-0.765562326221245
0.629034272884145
-0.26915179846437
0.746303707457818
-0.0892083217513469
0.871180064642926
0.0325263588486161
~
-0.954471347929311
-1.93546937023302
-0.886822400673548
-1.63636039954264
-0.689233728443315
-0.928162862762787
0.316066799968093
-0.381010124803143
-0.137229619965691
-0.150164590749016
-0.261333041992282
0.0176439335377791
~
-0.884762532610508
-1.7497100701915
-0.83583613458825
-1.50757993299868
-0.667884607138879
-0.796373851069128
0.126833419371876
-0.390183024756523
-0.481342854462494
-0.0201040128796633
-0.694721706015392
0.214488608773624
~
-0.91806178458394
-1.93920209805203
-0.860949620716972
-1.63691486580909
-0.683757513940064
-0.857466921268391
0.175376875353354
-0.400172787044691
-0.611668136667186
0.0297333499721675
-1.07242878230963
0.269735575909375
~
-0.932237369043569
-1.95023230052885
-0.873172029864103
-1.63881984465773
-0.684469035101453
-0.866946547232859
0.0870305768640117
-0.445745010091107
-0.688290670905753
-0.00352391299990705
-1.11274340706334
0.178162574072928
~
-0.945818937978298
-1.94163045897399
-0.881966266829868
-1.64238630151068
-0.687968377747591
-0.864679877020186
0.0853414805191794
-0.499640949556302
-0.656914864283134
-0.0375426739170664
-1.02550919055375
0.120089180783554
~
-1.02010367974432
-1.99736202683624
-0.953832259564163
-1.71003833764966
-0.745242977218833
-0.856953828227173
0.37481689688885
-0.508364979362656
-0.267223087382168
-0.215871447089465
-0.50032582526019
-0.144779406038098
~
-1.00492831768687
-1.92725274941957
-0.918445313463657
-1.59268680933041
-0.727773721548621
-0.789302033153583
0.463302136312867
-0.643721377642254
-0.255786827693366
-0.503788809618873
-0.582699755277708
-0.53079556890804
~
-0.965451917186254
-1.72750703144848
-0.903794695866561
-1.48196493560501
-0.728495063227496
-0.749660960871362
0.670172727648607
-0.701770903793083
0.0808086109516317
-0.898933098728981
-0.189569988198015
-1.03810436319922
~
-0.948509228544254
-1.68743197441638
-0.892133747382512
-1.44762830832156
-0.728074394142477
-0.73090102854642
0.65292807595467
-0.691138590270199
0.378901051124675
-1.27438229121023
0.248957469969785
-1.51446094254562
~
-0.928007641165042
-1.66571310277994
-0.878186184503869
-1.4269959564844
-0.721920291161184
-0.725746305494034
0.615750267315673
-0.748621062373543
0.535405716786951
-1.34065273833104
0.504855950828823
-1.61169337827099
~
-0.92261448034485
-1.66132129381958
-0.873099348332842
-1.42430389587616
-0.722425976823068
-0.728984328290021
0.65599440525919
-0.770878092374884
0.674733090116203
-1.44436723966383
0.685224480498559
-1.73656084770468
~
-0.923540359561927
-1.65410270902518
-0.873299260336847
-1.41565306173702
-0.729693219563006
-0.728897022001982
0.653804917121758
-0.780479431402767
0.673681071470107
-1.50090058205074
0.684620855412665
-1.80015881673468
~
-0.92143293072606
-1.64459670353932
-0.873286861725548
-1.41128913323069
-0.730887531480339
-0.730662356132838
0.649753680223444
-0.784281328868089
0.668543069666768
-1.50549276320717
0.677410144588219
-1.80565930177685
~
-0.917698005412203
-1.64296814911951
-0.872632095883445
-1.40535247927749
-0.731939876082108
-0.732024033671913
0.648472503125621
-0.791141024402614
0.666781919152294
-1.5075481397442
0.674409240342732
-1.80849044050766
~
-0.915551490958902
-1.62787295676756
-0.874626263393737
-1.38164362696818
-0.738185928291376
-0.732099711328016
0.644148627953221
-0.80186933776625
0.663794745028383
-1.50917151514079
0.668517439506286
-1.81093672635393
~
-0.915484203346176
-1.62250137888504
-0.876095828339383
-1.37396156309168
-0.740052810281715
-0.7344522894262
0.642465366020434
-0.805514272205841
0.662225772781112
-1.5106582346818
0.665795803236047
-1.81275389979213
~
-0.914736562383088
-1.61963792280906
-0.876379068521101
-1.36943890859001
-0.741143731398459
-0.737535370791781
0.640381867501107
-0.808658893124221
0.659422139999525
-1.51229517784418
0.662987680170018
-1.81513846849688
~
-0.914960694671556
-1.6194225906591
-0.877249282704393
-1.36803194400244
-0.743355730936815
-0.739269123830098
0.638385025717658
-0.81353915259493
0.657363185199795
-1.51227233312446
0.657489259342916
-1.81487585486154
~
-0.915564217519397
-1.61958867850721
-0.877059543624008
-1.36835828358076
-0.745004487668258
-0.742301257478796
0.639327186683471
-0.817933509959652
0.6572811855712
-1.51004435758615
0.656762788945635
-1.8057962503473
~
-0.916283505121496
-1.61973132949025
-0.877324009829707
-1.36746679577266
-0.745609215665013
-0.744195525791735
0.638090660973139
-0.822235584606109
0.657272050784946
-1.50154054629944
0.655515588221115
-1.80398143844786
~
-0.915255229551476
-1.61689815709574
-0.875744535536117
-1.3640722231195
-0.74651769892136
-0.746491562206341
0.638529682502703
-0.824325810528486
0.656310116348365
-1.49289375173813
0.654653546458363
-1.79456307751384
~
-0.914700895293846
-1.61593424732464
-0.87448893960229
-1.36442983202192
-0.746879893616162
-0.7485201135796
0.636791153225336
-0.826718468541961
0.655777096767032
-1.48430225145587
0.653770498542416
-1.7868631955458
~
----
@Right hand swipe right
-0.955461719499577
-1.60374944131931
-0.90058700440047
-1.3755102825412
-0.77857612384876
-0.770755933198776
0.670985058836636
-0.864996268001231
0.731044954871127
-1.48807289618116
0.738810050986446
-1.7215496772123
~
-0.920726732973281
-1.63922383660576
-0.910734470209067
-1.42977814478192
-0.757971584150334
-0.815289217911362
0.667020841190069
-0.879694856535298
0.720265396775594
-1.5098570059014
0.730409848437102
-1.74097409739715
~
-0.91304537616085
-1.65093678874601
-0.906722298435908
-1.43486732189615
-0.75777797729128
-0.818309890693164
0.680550725061931
-0.87912572339853
0.737053392088826
-1.51224657601813
0.747510912553939
-1.74966603818626
~
-0.9186094465738
-1.64090107707665
-0.885088638943559
-1.43128478365866
-0.747618387556071
-0.820768136560485
0.670533480227909
-0.859897682051447
0.71473923595713
-1.48501670841744
0.723176281429064
-1.71412714683027
~
-0.918000278734035
-1.6469003724718
-0.901034561397119
-1.43239735365216
-0.745255760682546
-0.824004640210405
0.673289508660716
-0.859258074329491
0.715811241682196
-1.48498061135997
0.718195231239654
-1.7228807427326
~
-0.927408526659871
-1.65383546703716
-0.91257598387619
-1.43632038080178
-0.751989479805574
-0.825850842369786
0.671310218457085
-0.861261318953156
0.706017782592932
-1.48100153797397
0.709632785762248
-1.70673304492341
~
-0.928721280797722
-1.65022729072779
-0.911949430414111
-1.43404666681858
-0.753167639692586
-0.823776522175232
0.673161562837028
-0.823741427106988
0.639660925373149
-1.33629679995214
0.637646660041911
-1.59025690560255
~
-0.936496571076054
-1.64200944184245
-0.92279837716891
-1.42775772078955
-0.756754208233111
-0.822349303809285
0.651311566171988
-0.691172194487362
0.562887514842174
-1.05135547906449
0.501031904754966
-1.26207560923246
~
-0.945344278563589
-1.65572517473979
-0.932834635410063
-1.43445751575246
-0.763448783049101
-0.817969244633646
0.706809870343855
-0.674071487451425
0.455307459559967
-0.824516496149309
0.321475012913062
-0.795047067751397
~
-0.93669557652263
-1.68115993903274
-0.923821915146096
-1.46197387438214
-0.765529730655445
-0.843521752706095
0.566775407921555
-0.673949396209985
0.196505420812237
-0.431044898705409
0.11823657879406
-0.421745983877393
~
-0.904665657142747
-1.61175745840568
-0.892382118364501
-1.40724415199126
-0.743948310505431
-0.820108287042606
0.501283665624658
-0.565645857809781
0.124152293187838
-0.269455576151859
0.0208562607264961
-0.213583490171718
~
-0.866143609942556
-1.50102348299877
-0.855357757946812
-1.3148544598065
-0.719844670678688
-0.779022749848091
0.378064399340679
-0.385169559057892
-0.0236116343401853
-0.0983769137043589
-0.0431701908347248
-0.0491285792056851
~
-0.855632925680543
-1.43988133907113
-0.84503973248206
-1.25635243355082
-0.711665798063836
-0.739165230944177
0.441674484912199
-0.328978461150851
-0.0236208851320414
0.0659952409447069
-0.0544861425604513
0.133415787776802
~
-0.853544483805011
-1.40735066454056
-0.844722681241549
-1.22660866198649
-0.712401114491384
-0.719367110641905
0.519874840546534
-0.29688997154494
0.0990938611890265
0.0117536040958445
-0.0500681729039571
0.123608513411445
~
-0.939939634423908
-1.63573565254168
-0.928256989481102
-1.41267995021244
-0.767799700466804
-0.791289123934012
0.868144538005989
-0.263812004315564
0.303858957354382
0.137210457653721
0.146948722224679
0.276110757247363
~
-0.923462870134662
-1.6201065059262
-0.91759324190615
-1.40461007006428
-0.764588922524852
-0.796713137904753
0.995641209484466
-0.316859610902289
0.872782790115682
-0.064947545211605
0.754251846778165
0.0875429208481507
~
-0.905483806237618
-1.59605897481927
-0.899162935930957
-1.38602934805501
-0.755715322790796
-0.787808440317197
1.02029415938969
-0.316870985959457
1.09344627221382
-0.126523777670692
1.14281367538644
0.0421664057878257
~
-0.886711498855109
-1.57538243554869
-0.879625341825331
-1.36752568787261
-0.745992702238577
-0.77607117607235
1.05043550990047
-0.258361681290897
1.41160831218216
-0.109258725879885
1.62046797250278
-0.0469332388201502
~
-0.881443123462563
-1.56561820743176
-0.875250549374521
-1.36013809806842
-0.744489580470003
-0.771640716352227
1.09972383110372
-0.242665380760828
1.51245520854404
-0.0862531959506016
1.71962483975748
-0.0564809852320666
~
-0.876798037345878
-1.55478504008714
-0.870955365810915
-1.34803128723521
-0.740465914280482
-0.764922006281379
1.12629930347387
-0.216467671053458
1.60847580920397
-0.0510098391756908
1.85732908083275
-0.0391201728714047
~
-0.875887358215699
-1.55100495933414
-0.870766245736234
-1.34621251423501
-0.740513238815621
-0.764910918743293
1.14711545466926
-0.18967823087741
1.67190356949169
-0.0242709926251961
1.84529186370104
0.0438470693607588
~
-0.869817262721822
-1.5402765902962
-0.864568325355558
-1.33676077689394
-0.734383351083663
-0.758581029885488
1.16305592736999
-0.166088396679506
1.70464337324118
-0.00484169344435654
1.87902915027277
0.0605005302159984
~
-0.870121474459383
-1.53998587373377
-0.868590693797293
-1.33060760948163
-0.734675601350132
-0.75522623564101
1.16359750320646
-0.160017868179313
1.71476081324601
-0.00945955351860985
1.90564239773961
0.0478830074817411
~
-0.873475012355172
-1.53814987704704
-0.871044159148628
-1.3261835397689
-0.735745774149761
-0.752563469425372
1.16577182703644
-0.159612439266238
1.71588868308176
-0.0042610514895496
1.90717631194254
0.0482862139530289
~
-0.875448850658109
-1.53565687319579
-0.871306633603716
-1.32219533929668
-0.735665732648
-0.749496335861933
1.16225371767505
-0.162224721596314
1.71329782053392
-0.013401468357518
1.79213218325119
-0.0282474485710887
~
-0.878905447677859
-1.53251805785965
-0.874967783920103
-1.32032570360569
-0.735655403821086
-0.749049009700841
1.15960479266736
-0.16418291155307
1.71157768565356
-0.0237841569889309
1.79429456037577
-0.0306563265933061
~
-0.881473448782206
-1.5320213465604
-0.876835702706629
-1.31973301823663
-0.736064791258488
-0.748868732139128
1.15781666636766
-0.165647156004409
1.70978289616487
-0.0307182900936997
1.79427308328328
-0.0308880887632196
~
-0.883264304901946
-1.53581293203306
-0.877414376464566
-1.32286472081338
-0.736055368113456
-0.751863923393575
1.15722282055085
-0.169492489485272
1.70928035290336
-0.0384277548570473
1.79566090601159
-0.0349515713686711
~
-0.885994520463672
-1.53381668530655
-0.87821984064104
-1.32374879118291
-0.735703720030888
-0.752687921902007
1.15752776490373
-0.170835547081033
1.71018660098525
-0.0431442737976731
1.79740856911373
-0.0362973775244846
~
-0.886688677612383
-1.53416549809283
-0.878817995660496
-1.32417955210572
-0.736344344870329
-0.752835541807007
1.15591118844759
-0.173207269828828
1.70910967790439
-0.0490468794266115
1.79839286990018
-0.0394307311867656
~
-0.887348413359204
-1.53459915143206
-0.878432776434786
-1.32559865425327
-0.736716866151518
-0.75399073790202
1.15282660668567
-0.176696994537913
1.70640872227807
-0.0539758839199432
1.79363524394342
-0.0511177087007132
~
-0.888464212011631
-1.53497861028123
-0.879019143664029
-1.32558683171128
-0.737068302690025
-0.754176310047741
1.14920239066635
-0.178649911473101
1.70261805583563
-0.0571590424304391
1.79184864754547
-0.0511663876254375
~
-0.888747829744575
-1.53384796883791
-0.879359214185928
-1.32410947579557
-0.737182972173714
-0.7533307382312
1.14595289981441
-0.18026550410661
1.69884485166861
-0.0588196662016222
1.78921857734344
-0.0540205408813762
~
----
@Left hand swipe left
-0.861836371657969
-1.6495727425781
-0.865802001369601
-1.46118196152146
-0.763413094786906
-0.80969866584442
0.6036028869913
-0.881921158934141
0.601432680065415
-1.53474856079249
0.594638160861214
-1.75550197173153
~
-0.858613306321648
-1.65218017187411
-0.843350249952139
-1.47684423341003
-0.75002675644311
-0.821542029559944
0.623525173559796
-0.900583982459468
0.614736370895818
-1.55370316056459
0.62659803271944
-1.7390000138254
~
-0.87592664513842
-1.66208947745055
-0.868272765651867
-1.4877117338676
-0.754837950042353
-0.827900866908027
0.624826968794147
-0.907759535669641
0.609937066901478
-1.56588164051815
0.620688791909492
-1.74986091048504
~
-0.886760527260792
-1.66815378736698
-0.875729288863513
-1.49632119805457
-0.762036690482285
-0.832787054611652
0.624672262870056
-0.911221172372033
0.607338051492782
-1.57310446391873
0.615426390854304
-1.75783646540634
~
-0.886076468344784
-1.65928255284131
-0.876218895797689
-1.48653100297086
-0.762111106414702
-0.825442972537036
0.617524682828131
-0.907936394792787
0.599230024720449
-1.56776964127016
0.607995293815743
-1.75132919863695
~
-0.87627422279869
-1.54124652519996
-0.849519277054377
-1.38247825846242
-0.762769911590169
-0.785521083057479
0.603513875744367
-0.898228571450027
0.578626744377752
-1.55391028017201
0.583219698743715
-1.75538054700566
~
-0.781597653305975
-0.712360100323606
-0.951629724902002
-0.751911591038432
-0.878403031506801
-0.55915494779144
0.578191734823924
-0.896289333561974
0.553753740227936
-1.55101382542479
0.552006885411474
-1.85193678855255
~
-0.758642389283756
-0.522494871672827
-0.765223407765011
-0.527062362209118
-0.935532733984339
-0.636473910341638
0.568698032997016
-0.911356857002153
0.545199062280321
-1.57111359937504
0.541615978816278
-1.87477592201281
~
-0.717169612082847
-0.30398679765169
-0.723005608556887
-0.233359323270647
-0.988592316232212
-0.544695002721994
0.56108117471116
-0.932457263207763
0.538328052334307
-1.60413467954077
0.53211159183358
-1.91239107684845
~
-0.709576450619374
-0.0856922335940907
-0.758239989089024
-0.105434211965549
-1.04417830683245
-0.438914358406866
0.564426004247454
-0.92639348278924
0.539832858879655
-1.62275403457618
0.531869106272133
-1.94181399970954
~
-0.687328217105074
0.0199571848589408
-0.735167820261464
0.0194674004595165
-1.06261397953036
-0.382109183004631
0.566376821702623
-0.924368271001519
0.539031761961109
-1.61992885640647
0.530325760838565
-1.93897292185064
~
-0.674198805729359
0.146199557026816
-0.748286949815544
0.0757131610075664
-1.08915241468087
-0.357842560626441
0.570296126269051
-0.93256055633497
0.540025253839779
-1.62344900705803
0.530744365668378
-1.94093657002105
~
-0.776053761205983
0.147002363340936
-0.830252916534851
0.0937141297091463
-1.12396070176176
-0.290798100667842
0.57606579318827
-0.913335849764888
0.542065423348559
-1.58699667091498
0.532056502319138
-1.89725557584072
~
-0.937944475122396
0.10777937552656
-1.06214626870119
0.00649065198152732
-1.09910972164005
-0.26906548046503
0.574618047372928
-0.877943903355058
0.538436627103791
-1.52142794875082
0.528079604227937
-1.81820380301702
~
-1.34367658759074
-0.0456825001876361
-1.31204667828929
-0.0792009495585712
-1.18294303202286
-0.216012898334249
0.573901938734717
-0.873467752637983
0.536349760708349
-1.51050497121918
0.52504395546094
-1.803936804765
~
-1.83619105363895
-0.037383676309707
-1.66512158250332
-0.0398263075324749
-1.19422839441409
-0.176674122124079
0.567408124848493
-0.859894016199358
0.529508362737781
-1.48399682937929
0.520188252114737
-1.77131784413866
~
-2.02070924359907
-0.0435141663564826
-1.76442863056982
-0.00695592235643048
-1.21220895882026
-0.0650966336356982
0.568278240565416
-0.856263651470037
0.531424019208066
-1.47614662258982
0.526104854942656
-1.75954661544142
~
-1.96986739807379
0.109673757571182
-1.78562198374563
0.028343021896432
-1.20500815634481
-0.0625589487076896
0.565534609173204
-0.855398987483583
0.532200933794619
-1.47018052676927
0.52804971035289
-1.74814964940826
~
-2.00826604913864
0.104845628473629
-1.80225471456137
0.0536644463719023
-1.20470826964062
-0.0714959822200344
0.564625268612719
-0.851990151808435
0.530360001287627
-1.46218196528583
0.525089157904487
-1.73646230380683
~
-2.01201731390348
0.0533701422787157
-1.79980305174714
0.0489045480337883
-1.18825706848578
-0.071140622941422
0.565867238852134
-0.849934502579981
0.531299163998184
-1.45950244798006
0.527000521476306
-1.7340813562529
~
-2.00918407441374
0.0375763692508311
-1.79961783416006
0.0334884650250728
-1.18620225870281
-0.0840120113044701
0.561862444759869
-0.846015989407648
0.529486571779854
-1.45300245909936
0.526352892962448
-1.72607633730409
~
-1.99920188714377
0.0368348267085678
-1.79012987842324
0.0320474621297811
-1.17757076232905
-0.0874883413068694
0.562201400949321
-0.845002070493391
0.531543552205205
-1.45039707350077
0.529746324243404
-1.72304947233019
~
-1.88642168079845
0.0176346478155442
-1.77520395883805
0.0502784717148019
-1.16710015049233
-0.0850640520213337
0.560896000874078
-0.8444980316423
0.531781394705028
-1.44841741440957
0.530004784963529
-1.72075674268996
~
-1.89109278024142
0.00652830155165106
-1.76755853024356
0.0596319694608632
-1.16227156573504
-0.0841050337459516
0.56041719080799
-0.843579355477424
0.531987531723919
-1.44648677243969
0.532449320806029
-1.71880188534638
~
-1.89104139404966
-0.00529360968184135
-1.7622851380331
0.0629579156218947
-1.1580766042738
-0.084596530872472
0.562418665449654
-0.84365141671895
0.536053758501973
-1.44682292340159
0.542328849868437
-1.65784216468334
~
-2.04604326474089
0.0191709331236722
-1.76325255232461
0.0338558262459618
-1.15213933350081
-0.0851435599173915
0.565215487387812
-0.841735274732173
0.539892656105973
-1.44391207973752
0.545467751475779
-1.65113677962869
~
-2.05053083858449
0.0142314811924248
-1.76708768469261
0.0321879262021236
-1.15565252917592
-0.0918865196914632
0.568723916611411
-0.842452812743257
0.544531126381836
-1.44602183640199
0.550117412430337
-1.65145169145303
~
-2.0522228445559
0.00963704610910561
-1.76803977123853
0.0261270386755469
-1.15383344627559
-0.0913253122286855
0.571807024385678
-0.843744951563966
0.548744082028278
-1.44872583112693
0.553861273536062
-1.65584190557095
~
-2.05011261740992
0.00774677075274497
-1.7657111409912
0.0236935760691072
-1.15091155142331
-0.0917977864069776
0.573070639249144
-0.84310908818093
0.550970220540042
-1.44862332327229
0.555251936164146
-1.65534308654929
~
-2.04908527508434
0.006246866782872
-1.76449898982019
0.0225109014906526
-1.1492531204124
-0.0920508887575382
0.573663977048162
-0.843082630952091
0.552030936000802
-1.44906006391336
0.548542589487305
-1.72407304327448
~
-2.04941424171663
0.00541437990228185
-1.76464718430797
0.0213766979318502
-1.14905875558234
-0.0924218550801766
0.574703668108795
-0.842779662802521
0.551602014401496
-1.44900805075295
0.547150577725639
-1.72427333305229
~
-2.04807898274087
0.00204484158403143
-1.76340082718037
0.0164286143880876
-1.14743745864558
-0.0925731584477315
0.573526935267256
-0.841390404001542
0.55068699400953
-1.44741201657428
0.549423032516218
-1.65882598491017
~
-2.04609800174299
0.000721794169860396
-1.76175158522194
0.0143431487288931
-1.14627929283447
-0.0919450234126867
0.570739276738534
-0.839280113210485
0.549019201163546
-1.44469911541784
0.548120338985937
-1.65250714547245
~
----
@Left hand swipe right
-0.90141220176456
-1.56927531792547
-0.844688817716484
-1.37528565368866
-0.73138300621654
-0.769174141291561
0.631768346793112
-0.866690230816633
0.633502965382355
-1.51747129325302
0.628744797667142
-1.73620353293693
~
-0.877683939923352
-1.57639526782396
-0.826983673270156
-1.37922675812757
-0.725593379422869
-0.770396676824279
0.633052831643217
-0.864969492585132
0.635197384388397
-1.51460948492507
0.630168179069207
-1.72595329653584
~
-0.873546030024385
-1.58751585846763
-0.823472103100273
-1.38994163954262
-0.727231072057813
-0.777183352024538
0.634488575808178
-0.868947610057214
0.638897303511523
-1.51969028537042
0.636845193796119
-1.72873913943186
~
-0.871750014433871
-1.59674232758541
-0.82042040446656
-1.39840383806247
-0.725889148188597
-0.783036861621185
0.635199503687294
-0.870678707677974
0.644064064422135
-1.52321171867216
0.642989480440349
-1.73138776972511
~
-0.862525329954294
-1.54181673942047
-0.819650850750491
-1.40312906635798
-0.725012866760731
-0.785412827302819
0.636412416070898
-0.873402775594154
0.649202935956695
-1.52756042958879
0.647355986758061
-1.73747982770832
~
-0.862284655269857
-1.55210076025688
-0.815671516259181
-1.41216529078818
-0.724073576480437
-0.791081527903928
0.637568313117063
-0.874572646641826
0.652021409142434
-1.53009679403184
0.648452475381527
-1.74199124873791
~
-0.867710552584784
-1.55328583975924
-0.821926780332782
-1.4120824669651
-0.724766995103222
-0.791249606558555
0.636997223902767
-0.876077758753014
0.651560435502909
-1.53210701732467
0.646445597643417
-1.74353998785887
~
-0.925016724104389
-1.50836193822841
-0.873542751559412
-1.37868807583245
-0.73362980177375
-0.779146567955055
0.635098320933202
-0.877526613076066
0.648633436011699
-1.53493290400267
0.642869071403655
-1.75020493199557
~
-1.06529666005842
-1.38185101011702
-0.984102487559715
-1.18955349502294
-0.760934515279531
-0.69547196335918
0.631605630749414
-0.876703648834369
0.643112507920397
-1.53317074368385
0.638098553123576
-1.83108471685435
~
-1.19615317015432
-0.809636305525518
-1.11676106382587
-0.870353144517939
-0.811133160445171
-0.598203710080683
0.622251825042925
-0.882900624529446
0.627711633414649
-1.54090034090154
0.620506326968104
-1.83992614346852
~
-1.26612746981387
-0.459290735060894
-1.17257884846451
-0.506102804668091
-0.836467954207069
-0.599247422760089
0.610203218167276
-0.880180332638051
0.614272262764664
-1.53215251876547
0.604564060160274
-1.82822741010695
~
-1.30420450941839
-0.169327400492457
-1.1977075236049
-0.258342459817589
-0.903722485122014
-0.539339791998355
0.603520940787212
-0.882232018541418
0.605860283294001
-1.53429418633289
0.594857659489004
-1.83042862033836
~
-1.14744448653589
0.269977489919774
-1.03746120757938
0.108896289837488
-0.921443190797783
-0.337353625170418
0.599385286779105
-0.904475443157224
0.597269137896091
-1.56730643048334
0.586419698550992
-1.86888883096877
~
-0.533546147966335
0.32732775903978
-0.591379509588078
0.179310274411747
-0.764879554387295
-0.264742179472351
0.60200268004563
-0.940189346495742
0.598154877857305
-1.62824425645674
0.588024908529923
-1.94189073245151
~
-0.104218817971549
0.0844069762059196
-0.091470809263495
0.0260468283319894
-0.390228492963005
-0.254618713020988
0.563397465656511
-0.864914558778755
0.565755715950849
-1.4336649566679
0.561838998110112
-1.69437801120071
~
0.652260190274718
0.237304449452511
0.51477344299739
0.150941219856737
-0.00253999969883082
-0.113927164987048
0.560214163754037
-0.823294964121026
0.57074350379928
-1.4567632827117
0.565604413982064
-1.74249997073006
~
0.797244875166404
0.028651509654342
0.586975739162223
0.0100341268979529
-0.0718314394700751
-0.150635823051563
0.538605795550139
-0.774466906950701
0.551102347212879
-1.40188452547988
0.542446307262448
-1.68594798008696
~
0.803996069731984
0.0296888167785817
0.582275784190417
0.0110464183834735
-0.0643533924146571
-0.176960974815746
0.52129196649586
-0.774560634258773
0.534486560201486
-1.41941004283269
0.527190833411499
-1.71300205719401
~
0.75859390200916
-0.128882553217193
0.505364696251639
-0.150174173677858
-0.093271801900297
-0.37265231293804
0.655240172116501
-0.985496831425749
0.669702660386895
-1.72100298047937
0.660923711487785
-2.05653444247548
~
0.716575665540917
-0.202113959492142
0.462770870056768
-0.223453925316152
-0.165805912890316
-0.50347724960578
0.658053025132755
-0.982604160933922
0.655134831847969
-1.71996720552292
0.653172704497643
-2.05758324938419
~
0.754384614654534
-0.378474330551068
0.50266080259107
-0.399639384348788
-0.184158369790689
-0.519685261324657
0.652841828168524
-0.963926308205127
0.644614487470826
-1.69548907898277
0.642795132159267
-2.03009433170147
~
0.354769923150183
-0.746638598719517
0.336248189533389
-0.695318234599351
-0.342258111348903
-0.571704171618495
0.634660690249067
-0.923282374228355
0.617488375681739
-1.60418492332503
0.615803859329505
-1.91612003595171
~
-0.112278933091601
-1.00817448866697
-0.224016008577024
-0.942950296310622
-0.710810163049585
-0.633024216267023
0.614543096822822
-0.882551151563689
0.600390321281747
-1.53392129576374
0.595781813533059
-1.83286244138913
~
-0.591370306945511
-1.36608333140808
-0.65420975194488
-1.22506840434469
-0.757321636246407
-0.678296290190875
0.607356963243796
-0.878109220456602
0.59793873709457
-1.52606352457298
0.591882040073051
-1.82305147890114
~
-0.854310990490984
-1.52449185246805
-0.81343560395246
-1.35260535930601
-0.758692774512119
-0.727889176536899
0.605643988903542
-0.871790866264217
0.60032582792363
-1.52189556412385
0.592451306944206
-1.81846763589289
~
-0.908849146797391
-1.57222974698687
-0.854651084536162
-1.4109133709493
-0.765124950066587
-0.779666376662012
0.610159009075812
-0.874038139857542
0.605026735368404
-1.52669656928369
0.598669238518218
-1.82501249400852
~
-0.896122592691136
-1.5812181598403
-0.851905476753413
-1.42991525025308
-0.760619041703948
-0.794237226686677
0.610430899879591
-0.876833083704825
0.6072445414879
-1.53090569053802
0.599931913830226
-1.82958085345248
~
-0.873615728667595
-1.58848714663401
-0.842738813219214
-1.43619617176664
-0.756131895326736
-0.801719230242601
0.614103258065831
-0.885915235429461
0.609128950359367
-1.54131342537726
0.601636832446279
-1.84022219360665
~
-0.852389352218492
-1.60027355307988
-0.829047200019878
-1.43562769832988
-0.752891894297436
-0.805794176569218
0.61446004007806
-0.887059479368577
0.609379158374039
-1.54272508861345
0.60303140155895
-1.84197943252565
~
-0.840820942274198
-1.57837108112897
-0.82186397471608
-1.43373313804036
-0.745788200076972
-0.804685747586048
0.613777926353313
-0.886153803821423
0.608428511854539
-1.54052669790554
0.601458154717083
-1.83895469312298
~
-0.844242487585147
-1.63375587220549
-0.811165128485287
-1.43004246612988
-0.741564723923457
-0.80216459506185
0.607369805116751
-0.888394442668752
0.604706911643468
-1.54041580910964
0.596556224834867
-1.83708749880247
~
-0.842659960256138
-1.63104856531515
-0.809830611664373
-1.4264944111285
-0.739850092282081
-0.799539896620093
0.606999654237962
-0.885547698672277
0.604558774217539
-1.53649898079569
0.595003649371504
-1.83269366388346
~
-0.841704940641804
-1.63292361443345
-0.810164775024565
-1.42756105134934
-0.738368797445403
-0.800320932640869
0.608189667701391
-0.884763544468797
0.60612444466933
-1.53583003983766
0.596825487090994
-1.83239103750236
~
----
@Knock left
-0.876074513757559
-1.54151732221008
-0.839390085819576
-1.40174608181561
-0.720917229397458
-0.769092556907814
0.599846325513011
-0.858224330076073
0.591990434837639
-1.50091993075503
0.576616894418457
-1.71865143917265
~
-0.82497852360254
-1.54515897289065
-0.813932303095217
-1.403140774995
-0.717316846576169
-0.776309220726987
0.624088562544189
-0.865173549579894
0.600750581236549
-1.50044990750897
0.588672797429561
-1.67570022981242
~
-0.81260755395051
-1.54475187022976
-0.796872948602148
-1.41490773616488
-0.709487447819333
-0.79331227201375
0.618165991815231
-0.868319567202261
0.604126490471421
-1.50226611278449
0.596335069205751
-1.66454166515285
~
-0.823308203081557
-1.54310253546397
-0.809409447489604
-1.4169747882194
-0.720765414899405
-0.794268835268276
0.625799084216435
-0.864601023803021
0.601283083171205
-1.49692884628031
0.598352804938725
-1.6619958192692
~
-0.841743584872312
-1.62808115105763
-0.805720453743106
-1.42446780856689
-0.723943770123006
-0.795685216331682
0.617925603731729
-0.859199457880096
0.603575691352177
-1.49231917741638
0.597977841133592
-1.66994434439458
~
-0.955431886003399
-1.24528687486451
-0.91638198505349
-1.1199286185682
-0.716845821404599
-0.700061952687234
0.608014524857664
-0.864583246860826
0.587829234165438
-1.50193873927841
0.584170535622849
-1.69142833728919
~
-0.69762653588176
0.607162982133194
-0.772995658495813
0.393373260467418
-0.981337705333242
-0.288904608006389
0.608469476540109
-0.879608543385661
0.587010948762369
-1.52859277606271
0.579685034114806
-1.72691450571004
~
-0.576788370268163
0.66635684258133
-0.666833851056748
0.46203348822528
-1.03145428487268
-0.187046501298899
0.619198159205056
-0.905258036465765
0.596768120424518
-1.57237709648185
0.594167326231063
-1.77474544054389
~
-0.645087839538711
0.789681278897542
-0.755235610035512
0.510323034749353
-0.976622475441424
-0.090503078394739
0.545153795427154
-0.850969392802154
0.52877687331163
-1.47962068654371
0.524054387814888
-1.67073477338952
~
-0.886344405713798
0.504730912472264
-0.913626955483417
0.454708332533797
-0.995026559183541
-0.0810395754869429
0.558766494334779
-0.869596251327628
0.53894706378022
-1.50526243598604
0.528997234511968
-1.70589143552148
~
-0.599853809767739
0.792746079236437
-0.717929914803365
0.517791841159715
-0.978322248923777
-0.087618023761836
0.540360314346652
-0.850762034380376
0.533473818882633
-1.47928254215192
0.518297570293928
-1.68793306811952
~
-0.558434862826473
0.776266506172984
-0.690813425566674
0.519078154212655
-0.990318886257938
-0.0742800112977446
0.54049267002298
-0.854506725620244
0.534048162852531
-1.48652377925159
0.519285997467629
-1.77462964795778
~
-0.885918941972544
0.489287766104388
-0.919143393130851
0.455679582100886
-1.0070751687358
-0.0720388679930969
0.529838001732578
-0.864966740094479
0.522735235884637
-1.49953166357393
0.505913627814211
-1.71329102543859
~
-0.585321172292125
0.67800647539796
-0.678236432075043
0.529456567556762
-0.997558704133022
-0.0480441225563702
0.530236417833144
-0.865490242313907
0.522752158399147
-1.50098186832759
0.503301471714044
-1.79056025508599
~
-0.615522433296419
0.69119065317845
-0.702289113198955
0.557967217930048
-0.998662477719925
-0.0403407798509975
0.528354978838693
-0.866671984745065
0.521540305214535
-1.50350159102829
0.500189474353123
-1.79438406872629
~
-0.862739946479773
0.497642081708487
-0.896720367631602
0.489769251684696
-1.0098482510995
-0.0587484241302309
0.523991340238178
-0.871297680171895
0.514087195403339
-1.50607933999101
0.492007731506511
-1.72592030962971
~
-0.614583094605839
0.819523784087705
-0.742940942925555
0.546045448811119
-1.00203406806594
-0.0559277671264451
0.523586881136518
-0.865673045231806
0.519277463397552
-1.50294682167953
0.505024950409858
-1.72470404110041
~
-0.577601009109506
0.67731663186227
-0.682670582851219
0.521259821362338
-0.986820461060503
-0.0724460939959664
0.528719011405136
-0.86432770200612
0.524077571873809
-1.50230302059347
0.507997374651437
-1.79127907067292
~
-0.774193999948689
0.548607277279408
-0.787115061742827
0.506643397926386
-0.988564334314546
-0.0868290046921969
0.525446985622231
-0.858042452112018
0.516961378095261
-1.49069806313787
0.499062702226704
-1.7166554962933
~
-0.618451473475924
0.756683157324933
-0.761718451210752
0.493531565295733
-0.986120381840518
-0.102616764112379
0.520512559941366
-0.853387286035251
0.511086943640174
-1.48153161837602
0.487742259529983
-1.76566734401268
~
-0.555175144009039
0.632651789866772
-0.669539561078727
0.464135983263502
-0.99764321690803
-0.106971520298489
0.524225024971767
-0.853456796666149
0.513548937566535
-1.48271711820182
0.489446075629507
-1.76690107421673
~
-0.745061751862238
0.549231962372364
-0.801715070315369
0.477074937387856
-0.989488921249785
-0.0984713684035669
0.514962231435461
-0.844598561166132
0.502944792576143
-1.46730041867819
0.479212136531188
-1.74960218425456
~
-0.630530470544367
0.656328249622197
-0.73043939379668
0.475202529873139
-0.988612429427843
-0.109138028766653
0.512977357111447
-0.838157649045358
0.499263879579647
-1.45858550603815
0.476400129662369
-1.74003834481957
~
-0.554497695411443
0.634769547411484
-0.67006929699408
0.465402682346373
-0.99758865013787
-0.111534023232581
0.520653606477482
-0.840325934524935
0.505517239511983
-1.4656370289136
0.482233097758926
-1.74911291991138
~
-0.787118385353824
0.558079170190337
-0.849101110877828
0.459775346510135
-0.994715478250217
-0.124463234869078
0.523857808344764
-0.841630658352838
0.507876379041758
-1.46762954781807
0.483987499050513
-1.7514570649127
~
-0.969744299314377
0.420102549665429
-1.00718456102179
0.324220056188039
-1.0254910391604
-0.204257931504709
0.524248819630586
-0.851914106134368
0.508102730286108
-1.47979082370031
0.487797415675908
-1.71130428698607
~
-0.784276512336472
0.634463323394888
-0.85106274874577
0.434533385890842
-0.98899009452304
-0.208003052129372
0.529765190291197
-0.837182209264927
0.520535677318568
-1.46020235125162
0.505711634228111
-1.6757587877041
~
-0.692866040278899
0.645265704097697
-0.780773731844701
0.448538959821956
-0.981324993685338
-0.194153407897597
0.545933270326696
-0.830434090625527
0.538366544739834
-1.45792761634229
0.525532177592582
-1.67631175244984
~
-0.921008796679887
0.475931819915177
-0.956375126562152
0.37614613966617
-0.977940758905223
-0.193938271954718
0.552412534829838
-0.829700347793726
0.541605546775743
-1.45665679865665
0.528404984026724
-1.67030671030087
~
-0.799015404914805
0.540845042646402
-0.856376597584895
0.402014700930189
-0.96954564843668
-0.199922000233486
0.546427606418053
-0.826216243772548
0.537229660407543
-1.44816177281766
0.521416046166289
-1.6652617249054
~
-0.640569733445958
0.644839815141879
-0.730807341294374
0.453148492484101
-0.973925407804084
-0.192350181388396
0.550183226660028
-0.833175487953765
0.54524795146082
-1.46268176339222
0.531447384370184
-1.7056203799872
~
-0.886783160540647
0.495113799825945
-0.914035646074025
0.392278443939851
-0.972711633149694
-0.183803026345175
0.554747325680434
-0.835071035288065
0.549571384043341
-1.46640401895686
0.536731005105537
-1.70228654361931
~
-0.664261057948
0.690527546310375
-0.755434788609023
0.487827148346206
-0.977925627313047
-0.181957975002423
0.564365934842607
-0.837398078387737
0.55894869040326
-1.47416328345636
0.545253959685542
-1.71497868466256
~
----
@Knock right
-1.0676094616206
-1.59131804275055
-1.0406869013155
-1.40415923517998
-0.816582825447908
-0.778955493431943
0.615480514961101
-0.898155562656866
0.614238281164988
-1.55892618111446
0.62224783192427
-1.72369203215337
~
-1.01844347666542
-1.56235462464346
-0.994994458302722
-1.38969764421613
-0.786050570402393
-0.773840161750325
0.613251809235536
-0.874760018230524
0.629238535090101
-1.52465476860789
0.621421558588908
-1.68751999174231
~
-1.00820022709365
-1.57445571453705
-0.988667566991202
-1.39831064296082
-0.779755886018117
-0.782732286631394
0.621071097812594
-0.872245557445767
0.635938810489394
-1.52208016116537
0.63047655228809
-1.68226729954135
~
-1.0098218334283
-1.59040627345209
-0.99447963482965
-1.41453401440685
-0.782596808827183
-0.795297086523049
0.625513422178375
-0.880693723574814
0.645246466664104
-1.53416520527997
0.638046844686921
-1.69754576104852
~
-1.01196590541944
-1.59517469442632
-0.998761992800857
-1.41994354650205
-0.784231768332266
-0.800778706679944
0.628645760979023
-0.885617415393059
0.642279853675133
-1.53888111547482
0.638092545525113
-1.71772874123292
~
-1.01335419416193
-1.60167668195534
-1.00242060673769
-1.4215149739478
-0.787287374841547
-0.801842639141936
0.628546131883216
-0.885281254670896
0.641520401874157
-1.53867253948086
0.635973910614294
-1.72162994912255
~
-1.00775519361459
-1.59822654149452
-0.996792397016246
-1.41808951922973
-0.783183938657549
-0.800944061344619
0.634283738437598
-0.873267195251181
0.698653736891274
-1.44208928194335
0.714750541114093
-1.70200879356263
~
-0.992334590904029
-1.58917326430643
-0.982691656316696
-1.40798688359602
-0.774846899553983
-0.795795133958473
0.654150044709247
-0.679622745290124
0.72742255473111
-0.925885526554721
0.814124410462134
-0.960400409708033
~
-0.983580827649029
-1.59282914584394
-0.970984271633977
-1.40868554489669
-0.76446705744276
-0.799516015133944
0.810684829257017
-0.472011323225206
0.940196234512489
-0.0117701270932163
0.965024807544955
0.0406118124707033
~
-0.98225457729378
-1.62606153017667
-0.963064895229389
-1.44402055226523
-0.76730622905237
-0.818699663634172
0.913746616592346
-0.306851232209011
0.858269060816965
0.366910662336776
0.840256619749392
0.67180245751841
~
-0.979491970214353
-1.64634957411178
-0.961197283876054
-1.4595632553371
-0.768439571965245
-0.823823647306802
0.941237264890773
-0.266406031263793
0.780883925483296
0.39600765759005
0.74344704197156
0.702857627305629
~
-0.956842616194258
-1.65898107784344
-0.943247138432926
-1.4754582365108
-0.766460806073895
-0.835616914432307
0.901048033184222
-0.271705821110315
0.898847909597694
0.297712974305838
0.897914594013093
0.425493836291831
~
-0.939448925250673
-1.70565795906958
-0.918958020419431
-1.52156361890973
-0.76280446159081
-0.853386713512142
0.926468533967272
-0.201827799383798
0.758347138550619
0.486538917129596
0.742101187085694
0.797352252456279
~
-0.923239653520773
-1.69843074204668
-0.904473867093187
-1.51757245742469
-0.751610961325353
-0.853465053683908
0.910585536226181
-0.20775632091694
0.937364145148266
0.377517530279422
0.913280358938006
0.595632728634545
~
-0.915805682702993
-1.70014721629656
-0.900468248811664
-1.51416431737102
-0.742803186221114
-0.852389385635585
0.916280108916214
-0.211148302286392
0.825786573430841
0.484796586949833
0.820866167035562
0.719103208341801
~
-0.902252299197994
-1.69087827164147
-0.892920321221671
-1.50213891999332
-0.733015426496933
-0.84427761315497
0.921552914261996
-0.20720416384536
0.939795768548247
0.447726613749475
0.911202597647795
0.560096742753454
~
-0.896359670519959
-1.67304169731587
-0.884887252052623
-1.4868728931205
-0.727512090691625
-0.838369950600708
0.922656769126319
-0.224268197883076
0.976391643367886
0.425611926179667
0.947325887874005
0.553881852605573
~
-0.896080647125604
-1.66605539339163
-0.882796742297376
-1.47900675592196
-0.726019749580491
-0.83120263282764
0.946502903228614
-0.195604820603957
0.810014835492279
0.478106420739877
0.767945680875938
0.776609223316069
~
-0.898819249742006
-1.65873720159209
-0.886602072395914
-1.4690434889171
-0.72597662762026
-0.828721370026925
0.943199270895555
-0.198066055875922
0.91655692936852
0.447770253324278
0.904891878391372
0.756830984514682
~
-0.901462485867708
-1.65192825603643
-0.893438178940081
-1.46333974010931
-0.729368280794602
-0.8225037342897
0.957686600026509
-0.175120924840843
0.773844920810658
0.482191655367666
0.736811932398182
0.75792317263897
~
-0.900818832714965
-1.64914386034183
-0.888784129920417
-1.46612494224901
-0.728737533413611
-0.82570984585666
0.953395039690606
-0.182127084436214
0.869658633733017
0.481741103994763
0.879581416457003
0.707398468104482
~
-0.904866500381293
-1.63986645109077
-0.893702812379791
-1.45650411274518
-0.730984166146521
-0.817816095600925
0.960520554898379
-0.154637946608811
0.764163078459509
0.500032625071399
0.722994145243915
0.796985910375912
~
-0.91278523652807
-1.6330560361086
-0.897761701512472
-1.4521303536519
-0.733503590851986
-0.817268442417851
0.959289262546826
-0.192959876710366
0.818805396048443
0.470457980546403
0.795434474528485
0.687390204010751
~
-0.918395148110783
-1.63288528534371
-0.905851113936497
-1.44832882045451
-0.735844623185137
-0.816132744031771
0.959393386875785
-0.195013112715788
0.848421846987658
0.463994124411004
0.817600609941358
0.770283138813919
~
-0.919570190585221
-1.61990019896285
-0.905480540120541
-1.43499309810836
-0.735096056258352
-0.807573318630269
0.95527787198366
-0.180019013848751
0.711360690802142
0.43858972890821
0.695377078867455
0.664147803688472
~
-0.917043455432055
-1.62599403399214
-0.905370396953531
-1.43958963487472
-0.736374626037307
-0.810866187622171
0.948905289915681
-0.199063758925002
0.868862514481319
0.421127070762144
0.834482295866288
0.709535421418118
~
-0.913213068815448
-1.62483417845674
-0.900868886365551
-1.44018305372145
-0.735705112155846
-0.809665664099643
0.951245806827559
-0.196735915693471
0.799073745219893
0.458763725771365
0.768840519696349
0.687959967805307
~
-0.915045317958067
-1.63678987662015
-0.903205311236462
-1.4501197517831
-0.739011058327181
-0.814559516066221
0.953352304971236
-0.205293228550006
0.853702135910767
0.445654615817631
0.826688033871278
0.752817157395041
~
-0.922742758185724
-1.6454963958384
-0.909181111979259
-1.45670727241285
-0.741362473697215
-0.819796552810898
0.953353209799089
-0.216644277850349
0.836509279977872
0.451238195224374
0.813957002804561
0.6669641296653
~
-0.91920271359422
-1.63076336069587
-0.898985563979116
-1.44848719399051
-0.742125495619909
-0.814757136367324
0.929963377726038
-0.224581949980604
0.867541511977304
0.354858795992759
0.823758870886245
0.61830275472257
~
-0.923709299098541
-1.63800515286924
-0.900953392186373
-1.45441372045544
-0.745034402409372
-0.818765634623783
0.931152578435878
-0.241637945356611
0.780658644222219
0.419023602338078
0.741163695208686
0.724160111652788
~
-0.921361628589258
-1.64172964375625
-0.903308155060506
-1.45680823874458
-0.744071956855591
-0.818038608312109
0.950259875807719
-0.230428350759872
0.789887055530963
0.431368799548109
0.747457038771402
0.731249317359712
~
-0.922705142762487
-1.64532441735966
-0.902778044817541
-1.4628468740879
-0.744996727651922
-0.824054736540743
0.945514830158897
-0.240471066940012
0.870616511082039
0.431577950077033
0.846562696704647
0.65949171332518
~
----